795
90 92 28 64 87 93 43 73 94 91 15 48 99 59 69 53 77 72 83 81 82 6 67 58 89 5 84 100 74 39 34 50 10 54 27 70 55 86 29 33 52 88 2 80 1 78 96 24 66 9 95 17 76 41 60 23 19 75 40 79 16 44 57 18 65 8 71 98 36 14 30 31 68 32 25 56 20 11 97 7 21 63 51 26 85 4 22 62 35 47 49 3 38 37 42 46 61 45 13 12
838
40 74 27 3 95 93 73 72 36 68 49 14 98 85 78 34 30 86 62 18 54 97 10 43 92 56 15 38 44 32 12 71 80 82 47 84 24 8 64 16 50 58 87 2 67 51 39 37 60 96 75 69 79 5 25 19 91 26 77 52 4 20 41 55 48 89 59 42 61 76 35 53 23 100 88 63 17 11 7 9 65 94 21 28 57 83 46 45 6 31 66 90 29 81 22 70 1 99 33 13
735
89 38 86 29 7 80 1 95 5 55 43 18 12 15 47 70 16 19 42 78 10 2 92 83 36 93 33 53 52 73 24 25 6 30 84 68 79 98 96 61 49 27 48 9 100 63 3 20 51 28 50 66 34 77 56 69 54 35 26 40 23 37 97 13 45 87 32 46 81 41 75 17 72 62 14 88 76 82 31 64 4 8 91 74 99 71 21 67 60 44 65 57 22 59 58 85 90 39 11 94
810
89 49 5 25 88 34 55 48 67 12 78 46 84 26 39 24 18 37 73 95 99 1 19 52 7 35 68 27 54 50 86 28 59 17 62 100 30 14 77 80 6 74 23 57 11 53 90 20 45 51 87 33 61 92 16 94 32 81 4 21 60 43 79 82 8 63 42 97 83 36 93 13 66 41 56 69 38 40 65 85 58 76 44 31 96 29 2 98 75 70 91 64 71 47 15 22 10 3 72 9
774
35 19 41 24 92 7 10 45 3 69 13 86 74 83 60 94 23 50 33 28 81 8 5 70 37 12 58 29 66 21 4 75 71 11 1 79 49 44 68 59 36 9 65 20 84 72 67 2 26 46 90 63 96 27 73 80 47 40 82 100 39 99 31 18 17 76 85 55 97 87 53 89 95 52 22 62 25 77 16 93 15 98 38 32 34 51 57 48 78 30 42 64 88 56 91 61 14 6 54 43
764
24 61 14 62 13 29 27 46 91 67 19 59 73 49 64 26 33 20 16 40 63 86 76 56 35 100 54 37 30 80 92 9 43 48 65 12 25 68 1 44 72 69 6 77 11 50 75 3 71 45 55 94 84 58 98 57 90 18 52 82 22 88 4 8 10 89 66 83 5 2 34 23 28 51 74 53 93 21 81 39 32 47 15 17 96 31 7 36 95 99 85 87 60 70 38 97 42 78 41 79
811
64 24 67 35 66 76 89 8 84 49 44 53 75 97 99 98 72 13 41 32 18 20 77 58 81 12 14 51 91 55 95 16 43 9 70 36 50 22 42 52 56 96 30 65 39 7 69 61 46 47 60 26 31 93 68 23 40 28 63 29 1 88 3 54 4 74 5 15 25 38 83 19 21 94 6 33 90 86 37 80 62 92 82 17 71 48 27 34 87 78 73 59 85 100 45 57 10 2 11 79
754
57 77 72 97 51 66 82 49 34 60 22 63 55 11 94 21 45 24 39 87 3 16 12 75 67 58 90 1 68 44 19 17 98 13 4 14 80 53 43 33 62 10 69 2 83 25 79 89 64 37 95 59 100 9 8 29 5 76 65 30 36 32 61 54 48 50 15 91 23 26 56 38 86 70 73 71 31 42 20 7 93 6 84 27 28 85 92 18 88 74 81 47 46 52 40 41 78 35 99 96
776
70 87 84 69 21 23 54 68 99 78 92 40 7 52 96 98 31 56 37 74 67 100 33 25 65 97 76 57 86 27 22 12 10 36 62 49 24 43 66 73 83 51 20 64 81 91 60 44 48 55 89 45 90 50 46 58 59 38 47 85 88 18 5 14 19 3 39 30 63 15 71 13 72 32 35 79 53 17 1 26 82 93 95 61 29 80 94 9 11 4 75 41 8 6 42 77 16 34 2 28
703
89 93 49 36 26 43 96 85 33 20 58 94 9 61 24 17 7 53 40 95 68 47 71 42 73 55 14 22 30 34 84 80 78 56 77 50 37 46 83 99 13 11 48 4 51 69 23 27 12 57 10 88 100 8 60 45 79 70 87 31 16 3 91 41 82 1 39 62 90 5 76 32 92 38 63 15 72 35 21 65 81 67 75 74 28 59 66 97 25 54 6 2 86 52 19 18 98 29 64 44
756
52 70 6 59 93 15 29 16 60 17 72 21 10 35 76 4 14 81 36 82 26 56 89 31 97 40 25 22 86 57 1 33 58 77 63 87 78 18 11 44 23 85 84 45 41 5 67 73 48 28 47 74 92 34 39 2 8 99 61 20 68 66 43 71 62 46 49 32 38 88 53 75 19 79 65 13 95 9 96 83 94 54 24 64 69 12 37 50 90 51 91 42 27 7 55 30 3 100 80 98
709
76 89 25 6 85 55 17 33 26 79 10 14 49 66 4 9 3 98 65 13 97 87 28 96 77 23 41 78 27 5 8 19 100 59 11 46 99 67 72 90 42 93 54 43 44 95 7 52 32 58 84 21 69 91 51 86 48 83 68 45 35 47 62 34 74 24 20 82 71 64 60 40 61 31 39 73 18 2 56 94 12 70 16 50 80 37 1 15 29 63 22 81 36 75 53 57 92 38 30 88
839
15 43 80 62 81 18 74 23 69 56 48 32 89 60 77 26 57 38 49 50 63 7 35 45 55 51 61 10 33 95 6 78 75 29 14 31 90 20 9 97 59 40 3 5 87 4 52 22 100 58 93 21 83 34 85 46 53 92 73 67 76 99 86 72 71 91 16 96 12 44 68 27 94 82 24 39 88 79 42 66 2 19 65 25 28 98 47 11 37 30 84 1 64 70 17 36 54 41 13 8
754
100 5 98 31 77 72 19 79 50 78 1 76 63 99 92 42 74 61 41 48 71 20 88 40 24 22 28 26 52 34 7 70 47 89 66 51 12 83 37 14 4 55 59 36 15 46 25 23 13 87 68 95 33 8 84 60 86 29 44 18 32 65 21 16 38 56 58 45 69 2 9 27 62 82 17 73 11 91 75 94 85 80 54 96 39 67 10 35 43 97 30 6 93 64 90 3 57 53 81 49
775
90 52 49 42 84 99 83 17 32 7 31 4 63 53 12 89 2 62 98 29 47 33 27 58 76 70 39 75 44 93 51 78 95 16 30 79 48 25 96 64 73 36 14 8 56 13 26 38 19 59 88 85 92 69 57 24 34 9 82 67 37 61 55 65 100 10 20 18 1 21 94 35 6 45 91 72 46 60 50 5 87 28 97 74 43 80 11 81 3 77 68 23 66 22 86 15 41 71 54 40
769
81 65 37 9 52 43 32 53 49 35 7 2 19 94 60 15 88 89 18 22 31 93 80 76 98 71 87 8 91 28 61 41 84 100 69 4 23 82 67 51 36 72 68 10 73 44 86 78 83 26 34 55 1 56 20 85 64 40 14 75 99 33 38 59 27 6 3 50 92 13 17 5 47 79 11 16 46 39 54 97 57 29 66 24 77 21 96 70 30 63 58 48 90 12 25 42 95 62 74 45
721
91 93 87 29 65 72 66 77 53 30 43 56 47 97 16 19 98 17 6 38 3 95 5 9 60 37 90 58 48 81 40 89 54 36 68 84 71 10 44 70 51 34 73 69 52 15 20 28 79 23 13 83 59 33 46 42 85 55 62 61 7 26 1 25 12 21 82 11 78 18 64 67 76 27 80 94 100 4 24 86 49 75 96 2 8 63 92 35 22 74 45 57 39 31 50 41 32 88 99 14
795
17 99 59 7 19 86 12 80 93 2 67 65 5 42 79 71 8 28 88 6 26 41 25 54 10 9 97 96 39 15 1 64 21 87 29 16 23 11 69 49 98 31 50 52 92 78 61 90 60 73 85 20 81 43 94 47 56 75 100 48 44 34 14 95 3 22 58 70 66 57 63 32 46 18 89 76 35 38 40 82 72 33 68 74 13 91 24 62 36 55 45 4 84 77 30 27 83 53 51 37
774
53 11 97 100 3 15 60 43 66 23 6 93 85 4 82 64 70 14 61 84 33 36 2 86 25 10 45 88 40 98 80 72 92 44 21 54 52 7 8 58 24 76 12 22 68 99 91 41 62 55 74 63 32 42 83 28 50 90 37 81 35 77 78 48 17 39 75 27 1 95 34 5 9 46 16 94 57 26 20 31 71 87 29 59 51 96 67 79 47 13 65 30 49 73 89 69 38 18 19 56
799
69 38 67 98 51 86 41 19 24 37 49 60 40 29 71 15 31 17 87 18 73 55 63 100 84 48 68 78 66 8 81 97 45 85 75 1 90 6 5 61 26 89 83 59 80 10 47 4 44 30 20 82 53 32 50 64 28 25 92 57 46 34 21 36 39 99 88 7 42 94 23 91 16 43 70 12 74 2 65 76 14 52 79 35 93 58 11 62 22 33 3 77 27 13 9 54 56 72 95 96
749
46 7 32 89 75 63 68 20 62 22 38 66 50 84 74 80 92 5 56 78 61 16 94 59 97 34 42 86 85 25 13 79 17 6 48 11 82 30 9 8 40 53 24 60 3 77 65 4 36 28 47 37 29 99 19 1 52 15 73 31 49 69 91 93 12 81 76 90 41 43 35 26 39 83 96 58 95 18 44 54 10 98 71 88 45 100 70 64 55 21 14 72 67 87 23 27 57 51 33 2
757
8 19 58 60 28 43 11 99 63 95 75 96 29 82 100 31 18 6 51 30 16 70 12 14 52 53 64 54 36 84 17 56 88 42 80 98 94 91 55 9 90 61 40 1 47 26 85 23 73 57 4 44 20 41 37 5 77 22 89 79 32 83 48 97 49 2 13 50 59 33 7 93 65 86 92 74 78 62 3 69 10 46 35 24 68 81 38 66 25 27 72 76 21 34 15 87 45 39 67 71
770
55 6 97 54 78 65 75 43 19 34 70 23 13 99 37 81 16 96 3 98 46 41 67 52 50 53 87 14 47 27 45 29 31 10 62 100 40 32 72 20 11 39 5 89 76 69 77 48 86 82 64 1 60 80 49 93 61 12 44 30 28 33 22 4 95 36 84 91 51 66 58 57 59 56 92 7 85 2 74 79 38 90 73 42 24 83 94 15 17 21 18 71 68 8 9 63 35 88 26 25
768
24 44 14 13 21 92 36 40 58 70 100 23 93 68 78 32 1 54 3 89 73 91 76 88 12 97 15 16 59 27 61 46 38 25 63 56 11 84 77 22 26 72 47 96 49 37 4 82 85 43 9 64 35 19 51 34 52 30 28 66 50 98 90 41 18 45 60 17 20 83 74 7 80 62 79 29 86 94 5 99 42 81 8 65 33 69 6 75 10 53 71 57 39 87 95 2 55 31 67 48
773
10 11 87 83 86 1 3 50 51 18 59 42 31 46 61 47 25 45 5 95 78 39 69 85 23 35 13 29 33 80 82 75 24 41 48 93 20 60 53 55 91 90 65 30 26 97 94 100 66 21 34 71 12 38 2 72 99 22 54 96 57 37 63 98 64 62 58 43 19 9 15 89 17 70 67 27 32 76 8 52 73 56 88 92 7 6 28 84 14 16 68 4 36 79 49 74 81 40 44 77
734
72 54 84 59 91 62 92 45 100 81 64 38 39 1 87 75 74 43 88 96 20 6 5 60 40 70 98 85 93 37 35 30 51 11 24 49 76 3 28 31 10 53 78 42 34 19 63 55 14 86 57 79 12 65 13 9 16 56 29 17 50 22 18 2 67 46 36 25 21 90 94 8 7 23 77 52 97 89 41 68 47 33 32 80 27 82 95 71 48 15 4 26 61 66 58 83 44 69 99 73
841
78 89 98 46 76 36 9 100 24 59 47 61 51 71 87 96 75 19 12 5 93 64 79 11 22 26 84 34 29 63 23 49 65 17 20 81 67 62 18 95 40 66 16 44 60 27 25 52 1 38 53 6 54 21 45 92 85 69 55 83 32 77 80 88 72 48 7 10 91 97 42 3 50 35 74 70 39 56 86 30 58 2 33 15 73 68 8 4 14 31 28 94 82 99 90 41 37 43 57 13
710
60 94 39 37 97 5 90 92 68 80 25 45 81 61 3 42 33 55 43 87 85 44 29 34 6 79 38 76 14 57 17 18 21 75 58 15 16 88 27 32 26 48 91 50 70 2 53 24 93 40 77 100 23 1 54 52 89 22 10 78 13 95 46 7 98 30 74 28 51 49 31 86 82 65 11 36 12 69 71 64 62 4 96 99 41 67 20 9 59 72 19 8 84 73 66 63 56 83 35 47
827
96 3 41 40 35 82 28 79 47 10 76 16 70 73 31 52 88 7 51 77 64 65 43 33 66 54 22 78 36 13 93 29 58 6 86 98 62 83 23 56 19 12 59 25 67 55 87 97 89 17 75 84 71 8 20 61 69 94 1 27 91 44 48 26 37 46 74 18 30 21 42 2 95 80 100 34 11 68 72 15 99 53 9 49 63 60 39 81 57 14 38 50 85 92 5 24 4 45 32 90
836
67 44 78 68 81 38 43 100 80 24 46 76 57 31 75 40 96 17 62 86 82 39 91 92 8 5 66 71 26 15 3 87 10 14 2 20 63 21 83 65 58 32 45 84 79 41 18 74 64 85 42 16 35 70 95 4 97 90 51 6 11 72 30 56 47 28 99 93 94 50 37 12 89 55 9 69 27 59 19 60 77 7 22 48 52 13 49 73 23 34 54 33 61 98 1 53 36 25 29 88
768
5 72 41 49 91 82 89 13 87 42 78 71 27 51 67 75 24 92 37 98 6 35 36 18 69 100 1 14 60 56 17 46 16 65 11 15 30 43 70 81 96 48 38 76 23 77 12 54 93 47 26 83 53 21 39 99 33 63 44 19 2 4 10 52 9 85 20 59 31 62 57 66 79 55 7 29 74 22 73 90 58 94 80 64 28 86 8 40 45 32 3 68 34 84 61 95 25 97 50 88
712
71 81 75 67 36 74 9 53 24 45 84 23 1 77 86 11 92 17 16 57 68 8 33 32 64 7 37 95 100 14 99 18 93 10 49 41 58 69 83 50 2 59 39 78 25 70 22 26 35 73 47 97 28 89 19 72 65 42 76 5 30 15 29 34 40 43 12 96 80 82 87 79 61 98 31 51 55 4 3 52 91 46 88 85 6 44 48 20 13 60 54 90 63 94 38 21 56 27 62 66
781
61 42 11 77 57 56 82 63 41 6 34 55 12 72 23 7 44 67 75 20 39 24 65 84 99 19 68 37 66 74 31 95 1 43 40 92 53 60 46 88 64 81 100 15 28 36 29 97 27 48 80 98 18 71 26 52 32 62 76 21 30 8 73 85 14 54 96 35 33 86 89 9 87 91 5 22 78 90 83 79 58 16 25 93 10 45 70 2 3 59 38 47 4 50 94 17 51 13 49 69
748
72 50 53 91 19 7 2 86 87 68 71 41 13 81 18 93 11 64 70 21 9 75 12 35 30 5 45 83 63 67 43 82 49 33 40 73 99 44 59 25 52 100 23 32 28 46 26 29 74 54 89 80 96 60 16 76 17 90 22 6 20 47 55 48 15 38 61 62 85 31 39 8 65 34 57 97 58 3 42 10 88 98 77 66 14 79 24 78 4 1 92 37 51 27 95 84 36 69 94 56
763
83 54 67 21 70 37 69 35 79 51 24 33 77 3 16 36 84 18 92 22 76 72 62 19 1 12 40 13 42 66 80 48 25 30 9 38 32 61 55 46 10 14 87 73 49 89 100 64 93 57 95 28 91 88 27 47 99 43 8 26 45 96 53 2 86 11 44 98 5 29 97 58 59 7 20 90 71 23 52 94 39 82 68 4 41 74 75 85 78 50 15 81 56 31 6 17 65 34 63 60
743
74 17 27 30 61 46 71 70 41 92 23 20 57 84 60 64 9 68 15 40 94 35 12 28 21 38 31 78 89 42 82 99 66 56 85 37 53 16 18 96 62 67 24 55 33 1 98 47 13 97 26 83 80 79 3 54 69 32 43 29 72 6 25 5 88 90 2 4 86 58 36 48 75 11 87 10 22 19 63 76 51 81 44 93 95 73 91 100 77 34 65 49 50 52 7 14 8 59 45 39
755
49 70 32 42 80 93 98 75 97 35 34 84 82 18 17 36 52 41 28 12 27 56 91 19 3 86 83 66 43 64 55 48 54 33 26 79 24 76 50 47 5 23 44 53 22 71 85 100 9 39 13 96 25 72 73 92 95 38 60 11 88 94 90 51 45 7 63 10 58 6 89 87 30 4 78 20 8 15 1 99 81 67 21 46 74 62 77 69 29 37 59 2 31 40 16 68 14 57 61 65
786
37 21 14 20 45 84 73 27 33 63 10 48 40 98 46 51 81 70 88 12 43 50 8 61 16 7 13 38 64 100 76 96 19 52 97 29 62 66 83 94 49 59 65 6 4 69 99 91 24 1 23 77 79 86 28 11 15 60 34 53 75 78 95 2 32 22 41 42 9 26 93 80 89 71 54 92 90 35 39 74 30 25 87 17 68 5 85 72 67 58 31 47 55 57 36 56 18 3 82 44
768
30 46 65 34 96 28 27 53 45 11 29 77 24 89 42 58 97 6 64 15 25 99 86 43 90 47 5 18 41 36 1 67 35 78 69 73 55 82 8 92 61 60 88 91 33 39 63 81 49 79 22 71 17 40 54 66 19 31 98 87 50 51 68 32 20 38 84 13 56 95 72 16 80 48 12 100 75 57 44 85 93 62 83 76 74 23 10 37 94 59 2 14 70 21 9 4 26 52 3 7
788
9 55 60 49 8 88 34 99 69 64 77 87 1 21 80 96 53 68 66 14 95 28 82 36 92 48 51 31 29 40 15 33 19 54 11 47 3 52 72 62 78 13 12 16 97 44 65 70 90 20 58 43 89 6 93 86 57 24 56 46 63 37 45 79 67 50 84 85 4 76 73 59 5 7 41 22 98 91 35 38 2 10 25 94 61 100 32 26 18 75 42 39 23 30 74 27 83 17 71 81
762
34 85 92 49 3 54 56 86 70 89 100 78 87 73 41 82 31 2 53 67 77 32 5 66 25 96 42 26 30 88 83 98 12 37 93 59 8 24 18 33 10 1 61 46 68 14 38 57 75 80 65 58 23 72 7 55 47 19 90 63 13 11 44 16 84 76 27 95 71 43 79 6 15 64 29 4 17 69 9 62 94 50 81 45 35 51 20 36 74 48 99 52 21 28 22 40 60 91 39 97
738
63 4 5 97 54 56 35 51 89 100 8 45 62 42 75 85 98 22 83 81 18 43 23 53 19 77 66 74 3 34 11 36 88 65 9 99 60 61 44 40 28 12 10 79 64 82 52 92 16 93 78 71 55 91 2 31 48 72 13 70 87 47 27 59 1 25 84 33 50 94 17 69 6 46 96 38 20 29 32 68 30 7 49 24 39 57 86 90 15 41 67 73 26 76 14 37 58 80 95 21
727
83 91 54 27 9 73 46 41 98 1 97 57 12 84 68 56 32 24 76 4 3 21 87 33 70 14 45 42 64 22 19 55 16 50 29 35 58 15 69 92 52 100 49 53 88 89 20 86 75 47 93 80 96 5 34 82 99 74 44 66 71 36 62 38 7 63 51 18 11 40 13 79 77 67 30 17 65 28 78 48 37 81 90 2 85 25 60 72 10 61 26 23 43 8 31 95 94 59 39 6
746
97 39 64 27 60 86 26 21 22 80 34 72 89 73 23 25 14 69 44 8 93 92 20 5 98 99 50 41 63 71 94 42 95 16 28 70 38 79 51 67 19 1 4 52 17 57 62 53 58 96 55 66 10 45 100 15 88 43 18 85 9 75 46 35 65 48 33 91 76 6 49 78 7 54 37 77 59 2 90 24 83 11 30 56 32 12 68 87 84 36 81 47 13 82 29 74 3 40 61 31
772
9 22 54 90 18 17 19 24 33 97 35 6 63 77 49 50 95 52 11 87 8 40 34 86 30 91 89 93 39 74 78 85 46 94 20 72 82 26 59 12 14 45 65 99 15 71 37 21 48 80 13 44 76 42 7 31 84 1 25 68 62 10 5 23 4 83 57 64 27 92 73 70 66 47 51 43 32 36 69 41 75 2 96 60 98 100 88 56 79 53 61 3 67 55 29 81 28 58 16 38
755
77 52 19 22 49 42 1 86 84 91 61 7 26 11 92 50 67 43 6 12 55 21 4 72 29 32 3 16 87 46 20 60 10 99 78 75 71 14 27 93 89 33 30 28 54 56 76 8 70 25 58 35 9 41 82 98 53 81 88 80 63 44 62 65 51 37 45 48 100 24 17 47 69 85 13 40 66 39 96 74 38 57 5 64 68 18 59 95 97 34 73 36 31 94 15 2 90 79 83 23
769
29 14 13 96 16 44 42 54 43 67 5 95 19 11 64 91 76 68 6 98 50 40 70 100 4 37 39 89 36 8 21 38 61 56 92 12 80 7 45 69 60 46 23 86 73 79 41 66 58 47 10 94 75 93 26 90 49 31 27 99 59 51 28 88 9 97 65 77 78 81 74 1 25 71 84 53 17 3 82 34 20 55 48 52 33 62 83 22 63 18 57 24 35 2 87 32 72 30 85 15
742
1 93 92 82 85 83 69 80 55 88 63 91 41 16 62 20 51 33 12 48 2 70 96 6 90 25 37 79 11 81 95 86 52 13 68 30 43 28 72 71 75 8 23 17 5 50 54 31 19 98 60 66 45 64 87 4 77 22 59 10 21 47 76 57 78 3 65 40 39 58 9 49 32 73 100 18 42 74 84 15 34 44 14 7 61 27 38 26 67 36 97 24 35 46 53 99 89 29 56 94
835
86 92 35 47 91 37 8 60 73 89 75 62 43 36 28 97 21 71 79 64 18 83 11 40 14 32 61 58 27 65 52 45 77 53 50 15 25 5 33 48 42 55 81 31 100 6 95 23 41 80 16 85 90 30 74 20 69 93 76 46 12 22 94 13 26 78 9 19 38 4 10 96 88 82 24 59 7 34 84 49 57 17 29 99 1 44 54 66 87 51 39 56 2 72 98 3 68 67 70 63
753
77 45 22 5 86 53 62 32 52 27 28 90 38 3 81 60 49 78 2 1 6 17 47 14 11 85 15 18 66 10 68 59 64 46 16 94 69 89 41 24 4 50 74 29 72 73 51 79 55 83 76 44 13 20 82 26 88 65 19 31 40 34 80 67 70 42 9 92 8 33 57 75 100 23 48 7 93 12 97 36 87 84 71 21 58 54 35 61 25 91 63 95 99 96 98 39 56 43 30 37
723
49 87 12 91 71 76 66 57 43 55 53 100 25 59 38 15 34 9 24 18 6 10 90 7 37 33 98 51 94 84 95 63 79 5 56 27 13 77 3 46 36 92 47 97 29 21 2 30 44 96 40 78 50 70 80 45 19 93 35 28 26 22 68 17 67 86 48 14 81 99 32 8 61 85 11 20 23 41 4 54 52 88 31 65 73 62 69 60 42 82 1 89 39 75 64 72 16 58 74 83
791
48 21 62 57 47 88 45 76 37 100 50 72 63 69 38 99 60 6 30 2 14 59 33 67 8 24 84 98 77 93 64 7 46 89 78 91 42 39 73 16 1 97 68 70 10 94 23 95 87 13 49 66 35 90 29 27 61 79 74 34 3 4 75 82 41 40 58 44 65 9 92 80 53 56 83 32 25 17 19 5 71 31 43 55 15 22 18 54 51 20 81 12 26 28 85 52 36 86 96 11
815
41 62 30 19 36 45 74 49 56 100 53 22 35 1 26 87 14 46 15 75 84 68 51 99 77 11 10 85 39 33 64 94 65 90 29 23 61 8 20 17 27 28 60 58 79 31 37 86 50 2 52 73 55 6 81 5 18 67 71 59 92 96 3 24 57 91 72 76 88 16 80 78 9 63 25 4 7 69 43 34 70 89 44 66 97 38 47 83 98 13 95 42 54 32 93 40 21 12 48 82
817
38 16 63 30 49 32 28 12 61 75 37 71 34 13 5 81 18 100 41 92 4 97 66 51 47 9 24 3 73 67 17 20 39 53 83 59 35 62 43 86 23 76 89 74 21 46 68 69 94 54 90 11 84 98 80 19 29 48 65 56 8 99 77 88 26 15 42 40 6 14 31 33 10 70 45 72 57 2 78 7 27 55 87 82 95 96 50 36 58 93 91 1 25 52 85 64 44 60 22 79
782
18 62 88 54 31 66 77 67 47 7 13 70 4 32 14 22 9 80 92 74 93 24 35 100 23 60 64 43 19 73 63 87 56 49 69 29 33 17 37 81 44 36 76 71 94 3 5 48 65 8 89 72 58 68 25 42 53 40 55 21 85 39 10 6 2 50 30 96 26 12 15 20 38 61 95 83 82 45 46 52 99 51 86 27 59 97 34 84 98 91 41 11 57 28 79 1 16 90 78 75
724
73 17 71 26 58 10 62 93 30 7 3 60 75 68 97 74 81 63 33 85 53 70 20 90 72 84 32 31 94 95 79 2 42 76 12 92 87 50 64 80 78 24 39 96 6 29 51 55 28 59 48 27 38 99 46 66 5 14 13 83 44 4 35 16 45 43 54 91 47 36 67 61 41 98 56 8 34 100 40 19 9 65 18 21 82 86 77 69 57 22 1 15 88 25 37 11 23 89 52 49
778
53 46 93 39 44 26 82 62 91 31 58 89 27 87 6 97 81 77 71 69 67 55 30 16 4 86 42 22 74 29 13 48 7 88 37 43 64 96 61 56 14 75 40 19 80 84 28 5 20 38 63 32 34 94 3 25 35 66 52 23 95 36 8 78 54 12 70 65 68 51 33 59 47 49 9 50 17 24 57 73 100 72 76 11 41 99 60 92 21 45 10 98 85 15 1 83 79 2 90 18
811
61 55 29 5 85 37 13 90 71 86 74 17 44 75 67 93 28 46 11 60 33 34 64 80 63 87 72 7 21 92 41 36 47 78 58 9 95 91 2 100 88 83 35 73 19 66 4 32 53 70 59 3 26 62 82 39 56 14 98 57 42 22 97 89 49 20 48 45 51 94 6 12 15 43 25 50 84 68 38 10 1 76 8 81 77 27 79 96 54 65 99 23 16 69 52 31 18 24 40 30
819
65 80 25 38 13 21 56 14 88 41 28 81 10 60 6 91 86 73 92 8 59 76 53 31 67 26 5 3 45 97 37 79 17 48 4 2 96 49 18 47 39 61 77 75 55 90 84 15 82 85 66 27 34 50 62 63 19 95 51 11 43 24 29 7 72 93 98 30 69 70 83 33 23 22 87 68 20 64 12 36 16 42 32 74 78 1 46 35 100 54 40 99 52 58 44 71 57 9 94 89
833
23 33 50 87 80 60 3 37 94 95 73 26 32 56 35 45 27 98 84 67 64 31 96 6 62 34 9 57 83 78 2 72 52 12 63 40 99 77 28 65 51 25 22 54 88 42 97 8 49 70 75 4 93 7 59 21 66 86 16 1 92 39 71 30 81 43 24 20 90 41 82 61 44 10 36 100 58 29 68 17 55 74 76 89 14 53 11 79 46 47 18 91 48 38 5 19 13 15 69 85
813
31 72 74 88 43 41 96 16 58 71 44 64 30 42 29 51 25 35 97 24 86 10 19 32 91 45 81 55 12 87 68 65 62 84 77 40 61 33 34 100 57 69 99 8 47 7 79 46 6 48 94 59 53 27 75 93 66 54 2 63 76 83 80 39 1 89 98 85 18 14 78 92 70 36 28 73 20 4 95 15 21 26 50 17 82 9 52 22 13 90 3 56 67 49 5 60 38 23 37 11
822
50 57 39 54 86 47 6 76 81 2 48 42 40 51 74 75 11 1 17 38 9 62 25 67 60 28 68 19 87 44 23 13 10 7 5 33 66 24 82 4 80 46 32 31 78 70 72 88 91 89 26 90 29 30 100 83 97 99 12 35 69 73 71 56 36 98 92 3 64 61 55 53 52 94 14 34 93 79 15 58 84 65 85 20 49 21 22 18 95 8 37 59 63 45 27 77 16 43 41 96
759
96 29 17 13 66 84 21 80 93 24 44 51 7 8 88 19 41 43 65 91 1 27 63 55 85 60 98 37 3 4 46 30 54 73 83 26 75 86 23 64 25 35 16 10 69 12 2 53 81 82 32 57 49 5 39 28 18 70 74 20 58 11 59 38 34 68 48 94 61 77 36 95 40 92 15 99 62 89 42 72 97 47 100 90 71 67 22 33 52 14 50 78 76 31 45 87 9 56 79 6
747
43 1 38 33 57 5 24 60 63 4 10 82 48 93 29 30 100 74 49 42 20 76 77 51 19 15 45 36 6 99 67 21 28 41 13 34 70 50 2 92 83 75 89 79 94 40 98 95 16 23 68 18 85 37 55 12 11 71 35 46 26 3 44 47 80 88 81 8 14 58 72 87 59 52 32 97 9 7 90 22 86 39 31 27 56 65 61 66 91 73 62 78 69 25 53 96 54 64 84 17
794
39 15 66 87 100 32 6 55 13 92 38 89 29 73 42 45 20 60 12 41 4 77 81 93 85 54 61 44 33 94 65 64 35 58 56 82 3 99 96 28 22 78 16 9 51 1 31 2 30 52 62 50 70 11 48 90 23 49 8 36 88 97 98 7 57 37 18 75 26 76 25 53 5 67 21 74 86 72 68 34 27 43 84 79 69 19 59 24 47 17 40 95 10 71 83 46 91 80 14 63
761
45 68 70 42 100 84 46 93 60 51 71 39 44 96 48 7 91 11 53 73 80 10 64 49 16 6 66 24 3 13 26 8 85 27 20 47 32 35 54 30 90 41 78 75 83 18 28 33 17 74 29 61 55 94 22 63 77 92 98 99 25 5 58 62 95 82 59 12 2 69 67 14 34 40 4 76 52 56 87 72 97 9 19 38 65 89 57 15 86 36 37 50 21 81 31 88 23 1 79 43
735
40 64 85 38 15 92 60 4 42 94 34 61 80 47 23 81 33 57 52 41 13 97 35 70 56 9 98 75 58 28 68 46 11 95 83 12 14 55 63 36 5 6 53 91 100 65 71 7 2 59 73 43 88 93 89 84 44 30 99 16 79 45 31 3 51 49 66 62 86 29 10 21 18 8 39 17 82 54 19 78 77 1 76 27 69 26 22 87 25 96 50 37 32 48 74 90 67 20 72 24
748
53 22 85 77 11 13 70 75 7 78 58 91 73 94 49 76 19 8 1 33 68 74 50 45 86 28 88 30 90 27 48 81 31 61 42 79 66 69 47 46 80 92 4 52 83 29 9 26 14 84 6 44 35 65 56 100 82 37 57 67 39 96 23 18 63 32 62 87 93 60 55 3 10 16 41 17 12 21 51 95 20 25 36 54 38 24 2 71 98 89 59 97 34 15 99 72 64 43 40 5
771
48 35 92 21 74 59 49 15 87 10 53 81 58 54 69 36 86 65 29 39 41 78 27 18 38 44 56 30 98 5 25 19 90 52 72 40 88 26 22 6 64 2 83 77 99 63 33 34 45 42 13 91 47 24 82 89 50 94 60 55 4 3 68 62 17 14 97 31 73 51 28 1 80 84 66 71 96 12 37 16 23 93 11 100 57 61 43 76 7 9 46 67 85 75 20 79 70 8 32 95
732
37 85 46 72 96 54 98 62 92 89 47 28 87 88 83 33 63 68 61 52 91 10 36 55 73 3 19 20 30 12 71 26 24 27 66 58 9 86 77 81 21 69 84 38 7 22 8 13 82 76 75 79 16 45 57 2 23 1 94 29 43 39 93 18 17 99 90 65 11 14 70 42 60 5 32 56 97 100 41 40 95 4 49 15 34 44 78 64 74 59 53 25 48 6 80 31 67 35 50 51
724
44 93 8 54 51 74 31 99 94 18 70 88 38 53 19 13 86 100 57 48 5 47 80 43 61 69 27 41 85 40 91 58 45 23 81 59 96 26 76 49 67 95 34 15 83 1 4 25 14 66 35 9 90 79 2 71 84 11 60 55 42 78 64 21 22 28 29 20 68 17 3 82 87 30 6 37 56 10 12 50 7 72 24 89 97 75 52 39 92 65 46 62 98 32 77 36 33 63 73 16
795
76 5 49 89 39 13 17 43 42 24 26 9 70 18 2 59 74 79 23 34 10 85 78 99 61 92 14 72 58 46 90 32 22 100 73 31 68 53 83 86 20 56 50 66 21 1 8 93 25 16 75 12 63 41 30 40 48 71 82 35 15 88 87 55 51 54 77 81 97 52 45 28 69 4 67 57 65 60 91 36 3 19 27 95 84 80 11 47 44 37 98 7 38 6 62 94 29 64 96 33
709
42 46 50 57 67 7 83 18 45 96 92 89 84 39 3 47 2 17 60 21 4 97 24 38 13 98 43 71 53 91 36 6 55 27 76 37 58 72 51 78 22 65 1 19 23 48 44 54 16 28 88 25 26 80 8 75 20 100 30 61 29 56 70 66 82 64 5 59 81 74 52 85 41 49 33 9 90 40 62 34 31 68 77 73 86 87 15 79 69 99 14 32 93 95 35 11 63 12 10 94
759
88 15 34 24 30 51 46 29 6 19 81 76 10 7 53 32 36 40 54 89 90 37 61 74 78 66 13 49 21 39 84 82 86 4 69 59 93 52 17 11 60 94 18 55 80 75 96 35 56 77 28 87 9 83 31 14 47 20 85 1 41 5 63 79 27 98 92 95 42 71 23 48 99 38 58 26 65 25 100 50 68 44 91 62 3 33 70 67 12 73 22 57 8 64 43 97 45 72 2 16
796
95 33 79 38 64 41 25 97 17 77 49 65 85 72 75 7 86 37 29 84 54 76 15 55 18 87 45 66 50 48 34 24 69 40 43 21 68 27 3 67 14 5 80 92 35 11 60 52 13 22 88 6 42 94 32 26 98 82 93 59 99 12 78 74 51 90 63 8 23 70 73 57 61 58 31 81 83 36 2 4 89 44 71 39 16 46 28 1 62 53 9 91 10 100 30 96 20 56 47 19
742
81 71 34 37 91 77 86 74 73 15 57 83 47 21 89 24 52 35 48 55 14 23 40 16 18 56 84 94 44 27 65 4 64 41 19 51 49 80 13 32 87 2 99 58 98 9 12 59 82 39 92 67 97 79 22 5 11 78 31 46 10 93 29 62 36 7 63 42 30 88 70 53 95 6 54 69 8 17 85 60 3 68 76 75 72 45 66 38 90 43 20 96 25 1 33 50 100 28 26 61
772
89 92 44 60 68 11 28 7 13 47 31 43 9 36 42 20 12 100 37 77 45 46 99 26 71 51 87 62 75 19 66 56 41 39 4 6 65 79 63 53 33 15 34 72 96 93 50 38 83 58 21 86 40 3 98 23 81 73 59 74 22 16 29 61 27 35 55 91 17 94 2 85 70 32 84 54 10 8 64 82 69 14 18 48 67 52 30 95 88 78 57 76 24 80 1 5 90 25 49 97
768
70 33 32 39 62 9 42 50 49 57 77 26 51 15 74 23 11 59 84 61 48 12 69 85 66 6 56 100 54 76 31 35 17 52 43 63 38 55 87 8 45 30 65 10 92 27 7 88 5 16 94 79 22 64 29 21 71 75 18 36 41 34 24 97 60 2 67 83 37 20 19 1 95 14 93 68 73 44 13 46 58 72 4 91 99 25 98 47 53 90 78 81 86 89 28 82 80 3 40 96
738
13 59 79 41 88 19 60 66 63 57 31 90 35 83 52 49 9 64 3 12 34 47 10 75 65 21 27 72 54 96 81 18 91 68 30 44 25 4 71 58 23 80 62 70 89 11 42 76 93 84 86 77 24 55 87 1 50 69 5 28 37 7 16 67 26 95 48 22 33 40 94 61 2 97 51 43 73 78 8 20 15 98 82 14 100 36 92 53 99 46 17 45 74 29 38 6 56 32 85 39
755
68 21 46 43 58 86 4 79 84 32 92 36 57 78 74 69 77 64 99 93 75 81 26 63 91 12 45 71 16 70 13 34 29 100 10 96 98 61 44 47 28 90 17 2 20 65 9 85 76 38 72 14 7 24 82 66 23 8 87 18 62 94 35 40 59 55 73 27 6 30 41 11 60 42 53 33 49 3 51 80 25 19 50 97 5 1 88 22 83 52 37 54 15 31 48 89 39 67 95 56
759
10 84 73 85 11 80 92 52 28 83 65 36 71 78 58 7 98 66 14 76 4 63 38 55 33 87 62 88 45 26 1 39 74 89 5 95 21 54 3 8 70 90 20 47 46 29 30 68 22 61 59 19 67 23 100 69 75 17 56 60 99 16 44 41 82 50 13 34 24 37 18 51 64 53 49 86 57 81 77 35 25 12 43 2 93 9 94 6 96 40 91 32 31 48 42 15 79 97 27 72
766
3 94 79 16 21 96 53 47 56 87 46 81 91 98 63 72 13 29 24 22 12 51 88 99 39 20 23 25 33 66 26 77 4 48 9 34 40 30 57 100 15 45 28 61 70 8 97 92 74 2 49 69 5 65 55 32 27 80 14 58 41 59 38 54 84 75 68 10 82 83 17 6 52 73 35 64 50 1 62 31 19 76 85 86 36 71 18 67 44 42 43 90 89 95 93 78 7 11 37 60
787
32 70 98 84 66 18 95 19 11 26 17 93 100 78 6 38 36 15 97 7 52 2 85 74 22 43 9 45 40 99 8 10 79 35 23 89 94 34 1 91 67 96 51 92 56 46 86 59 42 28 63 60 82 53 16 4 30 12 55 77 50 61 87 88 57 71 14 73 48 68 76 58 81 13 62 29 90 3 33 65 72 69 64 25 44 27 39 37 80 75 5 54 31 49 24 83 20 21 47 41
792
57 58 78 89 35 50 82 87 76 47 42 72 24 17 39 96 36 73 1 81 9 63 85 55 6 5 99 45 10 33 70 23 20 54 14 74 69 15 49 28 88 56 51 30 27 95 52 3 90 32 16 93 67 25 26 59 31 34 84 86 66 53 97 61 46 11 65 91 94 2 41 22 7 12 44 75 19 68 79 43 80 38 18 29 83 71 48 13 8 98 100 62 37 92 40 64 21 60 4 77
754
75 2 29 67 9 63 76 4 82 65 7 14 86 52 84 57 47 94 87 42 28 91 8 89 12 44 49 90 78 58 24 64 77 95 55 88 69 97 68 35 48 11 83 31 73 45 99 27 6 96 36 38 56 72 81 20 30 74 32 46 21 66 62 50 39 40 100 25 71 51 43 41 59 34 93 80 37 19 16 61 5 70 98 10 17 26 18 92 79 60 85 33 15 53 13 1 23 22 3 54
752
71 44 90 63 8 92 94 82 42 87 1 68 83 27 73 37 54 81 15 10 33 18 30 50 28 34 66 72 86 59 88 5 39 69 76 80 58 97 55 60 3 35 11 53 21 74 84 24 56 95 4 98 32 31 36 29 2 96 22 41 9 40 49 85 77 19 16 12 89 25 91 43 62 26 52 14 65 46 67 7 47 78 93 45 6 17 99 23 51 70 13 57 48 79 38 100 61 64 20 75
772
26 100 90 27 25 58 39 66 49 47 23 89 71 72 38 59 3 53 45 82 54 48 18 81 70 74 52 91 85 60 73 51 11 9 42 44 64 76 87 37 79 92 22 32 13 99 10 86 94 7 31 4 83 34 78 33 96 56 17 97 35 24 15 68 6 88 50 57 19 63 46 12 55 61 20 8 62 41 84 28 36 65 29 75 80 95 98 67 16 93 77 43 5 69 2 14 40 30 1 21
764
70 52 92 9 30 2 47 7 35 42 93 89 12 20 39 37 85 18 59 27 73 64 98 90 57 40 99 83 74 87 86 38 25 21 95 31 34 71 67 82 72 15 32 97 58 41 11 3 78 50 33 55 96 49 60 84 6 80 17 36 43 63 65 8 28 66 23 75 94 54 46 48 62 13 91 56 76 19 22 14 4 16 53 51 88 68 61 5 81 29 26 44 69 24 45 10 79 100 1 77
762
5 14 8 83 89 67 68 95 32 17 6 43 96 70 33 64 28 19 31 75 15 66 78 9 18 50 58 73 86 30 88 81 27 77 3 24 12 90 7 98 10 23 84 39 21 35 91 93 29 69 11 48 97 2 87 49 36 47 62 85 92 72 41 79 61 46 74 44 16 52 40 45 25 22 60 1 38 76 99 59 26 37 82 13 55 63 42 34 65 100 54 51 57 94 80 56 4 20 53 71
827
91 53 2 6 7 52 33 37 68 10 96 38 57 17 50 87 80 83 59 47 16 81 14 61 40 82 55 25 3 70 34 24 44 73 78 1 8 43 92 21 88 97 85 30 49 56 66 20 4 26 86 22 9 95 29 67 54 46 12 32 93 89 90 71 15 60 11 18 98 51 62 74 65 27 69 41 35 5 72 42 39 63 100 31 99 45 79 76 94 48 19 23 75 36 64 84 13 58 77 28
755
21 93 80 95 71 74 75 38 6 55 28 33 64 24 83 3 40 34 49 44 50 46 1 53 47 91 62 15 52 31 89 14 61 26 73 98 54 37 23 92 65 32 88 86 85 9 97 8 20 99 79 45 18 43 22 36 29 66 13 96 76 7 84 35 2 16 25 4 48 100 77 63 90 12 19 68 78 58 39 11 72 59 30 42 27 5 94 69 41 57 60 67 81 51 87 17 56 10 70 82
759
76 80 16 73 29 72 66 44 4 64 78 85 74 71 21 97 89 39 69 36 10 25 48 2 84 35 67 12 68 20 91 75 14 38 34 61 95 1 13 98 33 86 46 45 30 18 62 28 3 100 57 60 49 27 40 8 53 56 58 70 7 55 82 23 51 92 93 32 47 24 90 37 6 99 81 94 87 65 96 63 83 9 43 5 17 79 88 15 52 50 59 77 19 22 31 42 26 41 54 11
785
69 87 92 15 40 83 39 90 1 9 28 74 29 53 62 2 79 6 21 43 82 49 31 56 11 61 58 81 54 93 4 38 84 95 14 64 75 89 5 52 66 36 98 65 72 73 45 71 85 68 30 22 44 60 51 42 33 97 78 63 46 3 35 91 13 10 37 77 100 50 19 94 59 70 23 7 96 99 86 26 76 12 80 67 57 48 27 8 25 47 55 34 88 16 18 17 20 32 41 24
730
49 29 96 43 6 67 86 51 88 75 58 44 95 57 61 99 37 92 41 31 21 71 55 68 52 12 36 93 81 54 5 94 64 20 39 69 56 9 24 100 79 91 50 76 42 78 22 62 47 46 4 84 15 26 11 23 82 65 34 2 19 8 32 14 13 63 35 3 18 72 60 33 80 77 83 28 17 66 1 98 10 40 53 73 59 7 38 70 74 16 45 30 87 97 27 89 85 25 48 90
829
66 64 42 90 3 10 84 39 46 18 71 21 96 20 79 74 5 1 58 82 68 56 27 43 4 54 94 92 22 65 97 37 41 12 16 60 89 86 87 72 88 34 75 62 63 91 44 33 95 81 83 61 48 8 85 100 50 57 11 77 30 59 15 25 45 35 23 13 14 70 93 2 19 52 7 47 26 28 53 32 29 38 9 99 76 80 73 17 31 51 78 55 40 98 49 67 24 6 36 69
801
19 14 39 97 53 65 86 13 35 26 38 5 41 77 44 69 83 94 1 89 10 6 7 34 98 20 54 40 76 22 63 55 57 16 62 2 29 59 99 70 27 93 79 36 66 84 85 30 96 33 64 72 18 37 90 52 87 88 45 47 23 42 17 9 28 46 3 74 67 61 60 31 25 82 92 81 75 51 15 24 95 11 73 4 80 48 100 21 49 50 32 12 8 78 91 43 71 58 68 56
711
28 99 11 63 42 62 79 89 18 73 57 77 46 35 19 31 75 33 55 32 90 43 53 6 25 36 38 96 56 58 4 100 15 7 60 45 50 66 8 59 91 30 41 29 48 93 68 74 64 14 5 76 85 37 94 49 44 71 1 67 87 86 70 84 39 97 72 9 17 3 21 83 80 10 13 23 98 24 92 69 65 16 20 26 78 27 12 34 54 61 52 51 81 2 95 82 40 88 47 22
